VNINDEX
22/12/2020 1083.45 2.37 0.21 695860800 12848.90 60253547 1741.58 1081.85 1084.23 1077.06
21/12/2020 1081.08 13.62 1.27 660479750 13101.65 53182502 1235.04 1071.62 1081.60 1070.86
18/12/2020 1067.46 15.69 1.49 529285330 11695.84 63599256 1466.08 1055.75 1068.56 1055.75
17/12/2020 1051.77 -15.22 -1.43 634682600 13687.56 32956903 818.77 1058.63 1062.62 1051.42
16/12/2020 1066.99 11.72 1.11 556546890 10944.18 35019492 917.42 1058.34 1066.99 1057.21
15/12/2020 1055.27 -8.82 -0.83 621133560 12293.94 54046648 1258.69 1062.02 1067.45 1052.01
14/12/2020 1064.09 18.13 1.73 506314820 10445.23 77278335 2173.92 1048.97 1064.09 1048.97
11/12/2020 1045.96 15.05 1.45 413852370 8746.46 49918989 1811.43 1033.19 1045.96 1030.06
10/12/2020 1030.91 -8.22 -0.80 566339280 11590.30 59177329 1666.86 1041.65 1044.10 1030.91
09/12/2020 1039.13 9.87 0.95 554755640 10831.24 31296050 876.82 1029.26 1039.55 1029.26
08/12/2020 1029.26 -0.72 -0.07 501250780 9806.77 26416341 711.21 1029.98 1032.58 1025.63
07/12/2020 1029.98 8.49 0.83 473554480 8930.10 46784206 1166.83 1024.34 1030.41 1022.14
04/12/2020 1021.49 1.69 0.16 527019060 10035.47 26071954 613.55 1019.80 1025.17 1018.67
03/12/2020 1019.80 5.48 0.54 496771120 9208.22 21781361 637.87 1016.73 1020.35 1014.06
02/12/2020 1014.32 5.45 0.54 484658120 9673.73 199316487 4586.47 1008.77 1015.86 1007.91
01/12/2020 1008.87 5.79 0.57 536207660 10458.15 47100214 1221.43 988.71 1008.87 988.71
30/11/2020 1003.08 -7.14 -0.71 450045450 9254.52 82884720 2025.41 1011.82 1012.50 1002.61
27/11/2020 1010.22 4.25 0.42 359265350 7463.29 64712153 1925.13 1006.68 1010.22 1004.00
26/11/2020 1005.97 6.03 0.60 411338400 8357.98 82219388 1935.62 999.24 1005.97 994.91
25/11/2020 999.94 4.18 0.41 445346780 9737.98 30389805 1261.21 1000.39 1002.31 996.80
