 
HU1 0.56 7.0 8.56 8.00 7.50 8.56 7.50 7040 60000000 0 0
NAV 1.40 7.0 21.40 20.00 21.40 21.40 21.40 130 3000000 0 0
QCG 0.52 7.0 7.95 7.43 7.95 7.95 7.95 280500 2230000000 0 0
TIX 2.05 7.0 31.35 29.30 31.35 31.35 31.35 20 1000000 0 0
SJF 0.17 7.0 2.60 2.43 2.40 2.60 2.39 4930880 12133000000 0 0
TSC 0.22 7.0 3.37 3.15 3.20 3.37 3.18 1683150 5595000000 0 0
HQC 0.12 7.0 1.84 1.72 1.72 1.84 1.70 17603530 31362000000 0 0
VOS 0.15 7.0 2.30 2.15 2.16 2.30 2.11 3024950 6738000000 0 0
TCR 0.23 7.0 3.53 3.30 3.25 3.53 3.20 1210 4000000 0 0
JVC 0.34 7.0 5.22 4.88 5.22 5.22 5.22 939110 4902000000 0 0
IJC 1.45 7.0 22.30 20.85 21.30 22.30 20.50 1174500 25843000000 0 0
PLP 0.63 7.0 9.69 9.06 8.86 9.69 8.86 1970030 18281000000 0 0
FUCTVGF1 0.90 6.9 13.85 12.95 13.85 13.85 13.85 10 0 0 0
ITA 0.41 6.9 6.31 5.90 5.90 6.31 5.85 28526600 174363000000 0 0
DTL 0.62 6.9 9.55 8.93 9.55 9.55 9.50 2210 21000000 0 0
CCI 0.95 6.9 14.65 13.70 14.65 14.65 14.60 17000 249000000 0 0
TDH 0.61 6.9 9.41 8.80 8.80 9.41 8.76 7856540 72867000000 0 0
EVG 0.50 6.9 7.72 7.22 7.70 7.72 7.30 1387580 10660000000 0 0
TIP 2.70 6.9 41.75 39.05 41.50 41.75 41.50 351440 14670000000 0 0
LCM 0.06 6.9 0.93 0.87 0.87 0.93 0.87 121580 111000000 0 0
VRC 0.56 6.9 8.69 8.13 8.50 8.69 8.26 553140 4724000000 6755350 58703991500
LBM 2.45 6.9 38.05 35.60 36.50 38.05 35.60 15240 575000000 0 0
LHG 2.35 6.9 36.55 34.20 34.20 36.55 34.10 871770 31347000000 0 0
PIT 0.34 6.9 5.29 4.95 5.10 5.29 5.10 15920 82000000 0 0
TLD 0.42 6.9 6.54 6.12 6.50 6.54 6.50 858980 5614000000 0 0
VPH 0.31 6.9 4.83 4.52 4.52 4.83 4.52 322800 1533000000 0 0
D2D 4.00 6.8 62.40 58.40 57.70 62.40 57.60 948480 57374000000 0 0
ROS 0.15 6.8 2.34 2.19 2.19 2.34 2.18 16132980 36433000000 0 0
LCG 0.90 6.8 14.05 13.15 13.15 14.05 13.10 12856570 178603000000 0 0
NTL 1.55 6.8 24.20 22.65 22.65 24.20 22.65 2076670 49246000000 20000 454000000
KBC 1.30 6.8 20.30 19.00 19.00 20.30 18.70 10194230 198752000000 0 0
DPM 1.25 6.8 19.55 18.30 18.40 19.55 18.20 7849440 148597000000 0 0
CTS 0.85 6.8 13.30 12.45 12.85 13.30 12.70 1425460 18775000000 0 0
GVR 1.85 6.8 28.95 27.10 28.95 28.95 28.60 1853210 53607000000 0 0
DCM 0.85 6.8 13.35 12.50 12.70 13.35 12.50 11486410 149611000000 0 0
EIB 1.25 6.8 19.65 18.40 19.50 19.65 19.50 1270550 24926000000 0 0
CVT 2.80 6.8 44.10 41.30 41.30 44.15 41.00 66070 2789000000 0 0
BMC 0.85 6.8 13.40 12.55 12.55 13.40 12.55 508160 6726000000 0 0
ASM 1.15 6.8 18.15 17.00 17.60 18.15 17.50 3542450 63796000000 0 0
LSS 0.52 6.8 8.22 7.70 7.75 8.22 7.70 783250 6259000000 0 0
AMD 0.18 6.7 2.85 2.67 2.69 2.85 2.67 6973870 19343000000 0 0
CTI 0.95 6.7 15.05 14.10 14.20 15.05 14.05 1298070 18932000000 1081000 15212100000
TNI 0.20 6.7 3.18 2.98 3.00 3.18 2.98 3814120 11855000000 0 0
POM 0.80 6.7 12.80 12.00 12.60 12.80 12.30 382620 4826000000 0 0
TPC 0.60 6.7 9.60 9.00 9.00 9.63 9.00 6640 63000000 0 0
APG 0.66 6.6 10.60 9.94 9.94 10.60 9.94 1827110 19045000000 0 0
FUCTVGF2 0.75 6.6 12.05 11.30 12.05 12.05 12.05 10 0 0 0
BCE 0.65 6.6 10.45 9.80 9.80 10.45 9.58 427900 4352000000 0 0
TDC 0.80 6.6 12.90 12.10 12.60 12.90 12.30 1208370 15423000000 0 0
VND 1.70 6.6 27.50 25.80 26.50 27.60 26.30 4346060 118426000000 0 0
BCG 0.70 6.6 11.35 10.65 11.00 11.35 10.90 1369790 15497000000 0 0
GEX 1.35 6.5 22.10 20.75 20.80 22.20 20.65 14694680 314261000000 513500 11290900000
FIT 0.80 6.4 13.25 12.45 12.65 13.25 12.55 5531470 71653000000 0 0
TGG 0.07 6.3 1.18 1.11 1.13 1.18 1.10 1192780 1386000000 0 0
TDG 0.16 6.2 2.73 2.57 2.57 2.73 2.51 825190 2135000000 0 0
HTV 0.80 6.2 13.70 12.90 12.90 13.70 12.90 2710 36000000 0 0
DCL 1.50 6.1 26.00 24.50 25.90 26.10 25.60 327440 8458000000 0 0
SGT 0.36 6.0 6.35 5.99 5.85 6.39 5.85 4670 28000000 0 0
LAF 0.65 6.0 11.50 10.85 11.00 11.60 11.00 18110 210000000 0 0
HAI 0.16 6.0 2.84 2.68 2.68 2.86 2.68 6521050 18061000000 0 0
BFC 0.95 5.9 17.05 16.10 16.15 17.20 15.95 1478330 24563000000 0 0
SMA 0.50 5.9 9.00 8.50 8.50 9.00 8.50 1010 9000000 0 0
DXG 0.85 5.7 15.70 14.85 14.85 15.85 14.70 13874520 213546000000 0 0
TTB 0.28 5.6 5.25 4.97 4.90 5.30 4.84 1567640 7963000000 0 0
HT1 0.95 5.6 17.90 16.95 17.00 18.10 16.80 2848710 50317000000 0 0
HAR 0.24 5.3 4.75 4.51 4.50 4.75 4.50 1174020 5481000000 0 0
MHC 0.30 5.2 6.07 5.77 5.72 6.16 5.63 392320 2258000000 0 0
TLH 0.36 4.9 7.73 7.37 7.37 7.78 7.30 878320 6652000000 0 0
DPR 2.10 4.8 45.75 43.65 43.65 46.70 43.40 180930 8061000000 0 0
CKG 0.65 4.8 14.30 13.65 13.65 14.45 13.50 2423570 34216000000 0 0
ILB 1.35 4.8 29.70 28.35 29.95 29.95 28.50 133480 3960000000 0 0
SKG 0.50 4.6 11.35 10.85 10.95 11.50 10.80 493210 5508000000 0 0
LPB 0.55 4.5 12.90 12.35 12.35 13.00 12.25 14620100 185047000000 0 0
GIL 1.90 4.4 44.60 42.70 42.70 44.80 42.00 375300 16275000000 0 0
HDC 1.60 4.3 38.45 36.85 38.80 38.85 37.25 901230 34423000000 0 0
HUB 0.85 4.3 20.60 19.75 20.00 20.70 19.90 99500 2022000000 0 0
PHC 0.45 4.3 11.00 10.55 10.60 11.00 10.40 524240 5582000000 0 0
PJT 0.45 4.3 11.00 10.55 10.60 11.25 10.60 6040 66000000 0 0
ASG 1.60 4.2 39.30 37.70 37.90 39.50 37.90 39180 1523000000 0 0
PAN 1.15 4.2 28.75 27.60 27.50 29.10 27.20 2008340 57230000000 0 0
PGD 1.15 4.1 28.90 27.75 29.40 29.40 27.50 3070 85000000 0 0
SFG 0.30 4.1 7.60 7.30 7.13 7.60 7.13 36170 269000000 0 0
KSB 1.25 4.1 31.95 30.70 30.55 32.00 30.20 2191870 68767000000 20000 590000000
VGC 1.00 3.9 26.70 25.70 25.75 27.00 25.25 347200 8959000000 0 0
IDI 0.29 3.9 7.82 7.53 7.53 7.86 7.51 4505340 34814000000 0 0
TPB 1.00 3.8 27.60 26.60 26.90 28.30 26.90 3622360 100778000000 0 0
FLC 0.16 3.7 4.43 4.27 4.25 4.50 4.23 25966690 112871000000 0 0
TCD 0.40 3.7 11.20 10.80 10.50 11.30 10.50 13550 148000000 0 0
APC 0.90 3.7 25.30 24.40 24.90 25.80 24.50 154480 3872000000 0 0
SCR 0.30 3.7 8.47 8.17 8.15 8.47 8.05 9557550 79245000000 7175400 58114685000
KMR 0.10 3.6 2.84 2.74 2.74 2.86 2.71 282060 796000000 0 0
PPC 0.85 3.5 24.85 24.00 24.10 25.10 24.10 841300 20789000000 0 0
DRH 0.31 3.5 9.11 8.80 8.80 9.25 8.68 2378710 21477000000 0 0
TTF 0.19 3.5 5.69 5.50 5.46 5.73 5.46 5097590 28857000000 0 0
VCI 1.70 3.4 51.90 50.20 50.00 52.00 49.30 1807490 91402000000 0 0
SBT 0.70 3.4 21.50 20.80 21.00 21.75 20.70 4109180 87448000000 0 0
DHC 2.00 3.4 61.50 59.50 59.50 61.70 59.50 608040 36564000000 0 0
DLG 0.05 3.4 1.54 1.49 1.51 1.56 1.46 10916750 16418000000 0 0
HPX 0.90 3.3 28.00 27.10 27.40 28.00 27.25 536040 14799000000 74000 2005400000
SSI 0.95 3.3 29.60 28.65 29.00 29.95 28.45 12607350 368324000000 96000 2804160000
HCD 0.08 3.2 2.57 2.49 2.50 2.58 2.48 173720 439000000 0 0
REE 1.50 3.2 48.60 47.10 47.10 48.80 46.80 792470 37832000000 0 0
MWG 3.70 3.2 119.90 116.20 116.20 120.00 115.40 2236430 263085000000 0 0
OGC 0.22 3.1 7.27 7.05 7.01 7.39 7.01 797330 5719000000 0 0
PHR 2.00 3.1 66.20 64.20 64.10 66.50 64.00 1296050 84032000000 0 0
DAG 0.22 3.1 7.30 7.08 7.08 7.30 7.07 1270100 9162000000 0 0
TS4 0.10 3.0 3.47 3.37 3.40 3.47 3.40 4810 16000000 0 0
FTM 0.04 2.9 1.40 1.36 1.37 1.40 1.32 347730 468000000 0 0
LDG 0.22 2.8 8.02 7.80 7.75 8.10 7.70 10338550 82005000000 50000 410000000
DHA 1.20 2.8 44.00 42.80 43.30 44.30 42.80 18920 818000000 0 0
SZC 0.90 2.8 33.50 32.60 32.60 33.80 32.50 1205730 39987000000 0 0
PC1 0.60 2.7 22.50 21.90 21.90 22.60 21.70 405690 8959000000 0 0
DPG 0.80 2.7 30.00 29.20 29.20 30.00 29.05 747150 22086000000 0 0
PDR 1.25 2.7 48.00 46.75 46.60 48.00 45.90 4189830 197280000000 540570 24325650000
HU3 0.20 2.6 7.80 7.60 7.50 7.80 7.50 1630 13000000 0 0
VNE 0.14 2.6 5.54 5.40 5.41 5.55 5.31 168640 918000000 0 0
HHS 0.13 2.5 5.26 5.13 5.10 5.30 5.08 7333270 38091000000 0 0
KDH 0.70 2.5 28.80 28.10 28.10 29.20 27.85 2052640 58541000000 0 0
CRE 0.80 2.5 33.00 32.20 32.20 33.00 31.70 1622990 52651000000 0 0
TDP 0.90 2.5 37.40 36.50 34.30 38.80 33.95 373630 13971000000 0 0
VIS 0.40 2.4 17.30 16.90 16.90 17.40 16.90 3790 65000000 0 0
CMX 0.35 2.3 15.90 15.55 15.50 16.15 15.30 617570 9739000000 0 0
SHA 0.09 2.2 4.25 4.16 4.17 4.25 4.15 53680 224000000 0 0
HAX 0.40 2.1 19.65 19.25 19.20 20.00 19.20 669460 13131000000 0 0
HPG 0.80 2.1 39.35 38.55 38.55 39.45 38.30 26050910 1015728000000 391810 14996200700
FCM 0.12 2.1 5.92 5.80 5.70 5.97 5.60 22530 130000000 0 0
TVT 0.50 2.0 24.90 24.40 24.00 24.90 22.80 1250 29000000 0 0
NKG 0.30 2.0 15.20 14.90 14.90 15.40 14.70 5956440 90068000000 0 0
AGM 0.25 2.0 12.90 12.65 12.65 13.00 12.50 116150 1485000000 0 0
LGL 0.10 2.0 5.20 5.10 5.10 5.25 5.10 185060 961000000 910514 4324941500
YEG 0.85 1.9 46.00 45.15 45.20 46.90 45.20 51610 2371000000 0 0
PTB 1.10 1.9 59.90 58.80 58.80 59.90 58.10 275730 16248000000 0 0
GDT 0.75 1.9 40.90 40.15 40.15 41.45 40.10 7580 305000000 0 0
HID 0.05 1.9 2.75 2.70 2.69 2.75 2.68 535780 1460000000 0 0
SVC 1.30 1.8 72.80 71.50 72.80 72.80 72.80 10 1000000 0 0
DBC 0.90 1.8 51.40 50.50 50.30 51.60 50.00 2971450 151206000000 64000 3008000000
THG 1.00 1.8 58.00 57.00 57.00 58.50 57.00 8780 505000000 0 0
HNG 0.25 1.7 14.90 14.65 14.65 15.10 14.35 5433790 80661000000 0 0
AGR 0.15 1.7 9.06 8.91 8.81 9.06 8.65 2614340 23449000000 0 0
QBS 0.04 1.7 2.44 2.40 2.40 2.49 2.37 311260 759000000 0 0
CLL 0.50 1.7 30.50 30.00 29.50 30.95 29.50 4810 144000000 0 0
POW 0.20 1.7 12.20 12.00 12.00 12.20 11.80 17743390 212145000000 50000 575000000
HSG 0.35 1.6 22.00 21.65 21.65 22.15 21.40 6814350 148625000000 80000 1762000000
CTF 0.35 1.6 22.00 21.65 21.60 22.00 20.30 96140 2045000000 170800 3501400000
FCN 0.20 1.6 12.70 12.50 12.40 12.90 12.35 2189340 27710000000 0 0
ACL 0.20 1.5 13.90 13.70 14.35 14.35 13.70 192960 2689000000 0 0
C32 0.35 1.4 24.60 24.25 24.25 24.70 24.10 241080 5872000000 0 0
ACC 0.20 1.4 14.15 13.95 13.95 14.40 13.85 33480 472000000 0 0
AAA 0.20 1.4 14.45 14.25 14.25 14.65 14.00 4665730 67061000000 0 0
BBC 0.80 1.4 59.00 58.20 59.00 60.00 59.00 460 27000000 0 0
STG 0.20 1.4 15.00 14.80 14.90 15.00 14.70 18120 270000000 0 0
DAT 0.40 1.3 30.50 30.10 31.85 31.85 30.00 6230 187000000 0 0
SBA 0.20 1.3 15.30 15.10 15.10 15.45 15.10 63020 952000000 0 0
TCH 0.25 1.3 19.55 19.30 19.30 19.70 19.20 6491870 125874000000 0 0
PNJ 1.00 1.3 78.30 77.30 77.80 78.70 77.00 957080 74684000000 40000 3200000000
VSC 0.70 1.3 55.00 54.30 54.30 55.20 54.00 144020 7862000000 0 0
TAC 0.60 1.3 48.00 47.40 47.40 48.70 47.00 94670 4498000000 0 0
HVH 0.10 1.1 9.30 9.20 9.20 9.50 9.00 348560 3243000000 0 0
MCG 0.02 1.1 1.86 1.84 1.87 1.87 1.76 16190 30000000 0 0
PMG 0.15 1.1 14.00 13.85 13.85 14.10 13.85 3640 51000000 1845788 23995244000
DMC 0.60 1.1 56.50 55.90 55.90 56.80 55.90 86870 4906000000 0 0
FPT 0.60 1.0 58.10 57.50 57.40 58.50 57.10 2576390 148783000000 0 0
HBC 0.15 1.0 15.35 15.20 15.20 15.50 15.00 6738520 102892000000 0 0
VDS 0.10 1.0 10.30 10.20 10.20 10.60 10.10 23620 241000000 0 0
GSP 0.10 0.9 11.00 10.90 11.00 11.00 11.00 19970 220000000 0 0
GTN 0.25 0.9 27.90 27.65 27.65 28.30 27.45 2842620 79272000000 0 0
STB 0.15 0.9 17.15 17.00 17.00 17.35 16.90 34461030 591198000000 20000 320000000
TRA 0.60 0.9 70.00 69.40 70.80 70.80 68.50 3150 218000000 0 0
FUEVFVND 0.14 0.8 16.84 16.70 17.00 17.00 16.55 413790 6895000000 250000 4165000000
NT2 0.20 0.8 25.10 24.90 24.90 25.10 24.60 753550 18766000000 0 0
BSI 0.10 0.8 12.60 12.50 12.50 13.05 12.45 1173700 14818000000 0 0
TVS 0.10 0.8 12.90 12.80 13.00 13.20 12.80 59850 778000000 0 0
FIR 0.20 0.8 25.85 25.65 26.00 26.00 25.75 90320 2337000000 0 0
HAG 0.04 0.8 5.37 5.33 5.32 5.39 5.25 10895410 58100000000 0 0
BTP 0.10 0.7 14.15 14.05 14.15 14.20 14.05 18850 266000000 0 0
SZL 0.40 0.7 56.90 56.50 56.50 57.30 56.10 56070 3182000000 0 0
PXT 0.01 0.7 1.43 1.42 1.43 1.43 1.40 57320 82000000 0 0
FUESSV50 0.10 0.6 15.60 15.50 15.50 15.60 15.50 21560 335000000 0 0
C47 0.06 0.6 9.84 9.78 9.66 9.89 9.66 217680 2132000000 0 0
NVL 0.40 0.6 66.70 66.30 66.30 67.10 66.00 3068310 204458000000 720000 45240000000
SFI 0.20 0.6 34.40 34.20 35.00 35.00 34.20 7010 241000000 0 0
CAV 0.40 0.6 69.40 69.00 69.60 69.60 69.40 300 21000000 0 0
DXV 0.02 0.6 3.49 3.47 3.47 3.50 3.47 10170 35000000 0 0
CTD 0.40 0.6 71.50 71.10 71.10 72.50 70.30 775600 55210000000 0 0
PNC 0.05 0.5 9.15 9.10 9.11 9.15 9.00 1190 11000000 0 0
NVT 0.03 0.5 5.49 5.46 5.30 5.70 5.10 33000 170000000 0 0
SMC 0.10 0.5 18.70 18.60 18.60 18.80 18.15 154970 2874000000 0 0
DGW 0.40 0.5 78.10 77.70 77.70 78.40 76.80 167740 13009000000 0 0
BMI 0.15 0.5 29.35 29.20 29.20 29.35 28.90 456940 13287000000 0 0
BMP 0.30 0.5 64.00 63.70 64.50 64.50 63.20 113050 7180000000 0 0
DRC 0.10 0.4 22.95 22.85 22.80 23.15 22.40 1062720 24253000000 0 0
HDG 0.15 0.4 35.15 35.00 34.95 35.25 34.50 1332530 46576000000 0 0
RAL 0.50 0.4 129.50 129.00 129.00 129.50 128.20 2710 350000000 0 0
SCS 0.50 0.4 129.90 129.40 131.00 131.00 129.60 29120 3784000000 0 0
CDC 0.10 0.4 26.40 26.30 26.50 27.00 25.80 171570 4579000000 0 0
TV2 0.20 0.4 54.70 54.50 54.20 54.70 54.00 221340 12051000000 22900 1161030000
HMC 0.05 0.3 14.90 14.85 15.00 15.00 14.70 1090 16000000 0 0
DGC 0.15 0.3 47.95 47.80 47.80 48.00 47.15 811850 38590000000 0 0
CEE 0.05 0.3 19.05 19.00 19.10 19.30 18.90 175500 3368000000 0 0
VID 0.02 0.2 9.20 9.18 9.18 9.50 9.15 6480 60000000 0 0
SJS 0.05 0.2 25.85 25.80 25.90 26.00 25.45 61490 1584000000 0 0
GAB 0.30 0.2 195.50 195.20 195.20 196.10 195.20 2620 513000000 0 0
PME 0.10 0.1 76.30 76.20 76.20 76.30 76.00 3710 282000000 0 0
SHI 0.01 0.1 8.80 8.79 8.79 8.80 8.67 691730 6054000000 3838645 33613666800
VIP 0.00 0.0 8.44 8.44 8.44 8.84 8.42 601170 5151000000 0 0
VNL 0.00 0.0 17.00 17.00 17.00 17.00 17.00 0 0 0 0
PGI 0.00 0.0 20.50 20.50 20.50 20.50 20.50 80 2000000 120000 2628000000
PXI 0.00 0.0 3.17 3.17 3.17 3.17 3.10 12970 41000000 0 0
PVT 0.00 0.0 13.25 13.25 13.25 13.40 13.15 3517320 46546000000 0 0
DAH 0.00 0.0 3.83 3.83 3.83 3.83 3.77 871320 3306000000 0 0
SAM 0.00 0.0 10.00 10.00 9.90 10.00 9.90 81070 808000000 1273760 11845968000
PTC 0.00 0.0 9.60 9.60 9.00 9.60 9.00 2010 19000000 0 0
DBD 0.00 0.0 44.60 44.60 44.60 44.85 44.25 61180 2725000000 1966490 91227838500
TMP 0.00 0.0 41.00 41.00 41.00 41.00 41.00 1290 53000000 0 0
TNC 0.00 0.0 32.70 32.70 32.70 32.70 32.70 0 0 0 0
TYA 0.00 0.0 14.50 14.50 14.50 14.55 14.40 32120 465000000 0 0
TDM 0.00 0.0 26.30 26.30 26.45 26.45 26.25 580620 15279000000 0 0
BTT 0.00 0.0 38.90 38.90 38.90 38.90 38.90 150 6000000 0 0
THI 0.00 0.0 28.30 28.30 28.30 28.30 28.30 0 0 0 0
TTE 0.00 0.0 11.30 11.30 11.30 11.30 11.30 0 0 0 0
AST 0.00 0.0 55.30 55.30 55.00 55.60 54.70 119020 6542000000 0 0
COM 0.00 0.0 46.00 46.00 46.00 46.00 46.00 0 0 0 0
BHN 0.00 0.0 76.70 76.70 76.70 76.70 76.70 470 36000000 0 0
BCM 0.00 0.0 40.90 40.90 40.90 40.90 40.50 86580 3530000000 25000 1093750000
ATG 0.00 0.0 0.61 0.61 0.61 0.61 0.61 0 0 0 0
TCO 0.00 0.0 11.10 11.10 11.10 11.10 11.10 0 0 0 0
CMG 0.00 0.0 32.45 32.45 32.20 32.45 32.20 65070 2100000000 0 0
CLW 0.00 0.0 23.00 23.00 23.00 23.00 23.00 0 0 0 0
SHP 0.00 0.0 22.60 22.60 22.65 22.65 22.60 9230 209000000 0 0
SCD 0.00 0.0 24.00 24.00 24.00 24.00 23.80 1420 34000000 0 0
CMV 0.00 0.0 16.00 16.00 16.00 16.00 16.00 0 0 0 0
SGR 0.00 0.0 20.50 20.50 20.30 20.60 19.70 16510 335000000 0 0
VFG 0.00 0.0 46.85 46.85 46.85 46.85 46.85 2060 97000000 15390932 738764736000
SVT 0.00 0.0 14.30 14.30 14.30 14.30 14.30 0 0 0 0
TBC 0.00 0.0 25.00 25.00 24.80 25.00 24.80 10910 272000000 0 0
SII 0.00 0.0 17.30 17.30 17.30 17.30 17.30 0 0 0 0
CLC 0.00 0.0 30.70 30.70 30.75 30.75 30.70 3040 93000000 0 0
CIG 0.00 0.0 1.90 1.90 1.95 1.95 1.77 7840 14000000 0 0
VSI 0.00 0.0 17.20 17.20 17.20 17.20 17.20 0 0 0 0
LGC 0.00 0.0 74.00 74.00 74.00 74.00 74.00 0 0 0 0
DTT 0.00 0.0 12.40 12.40 12.40 12.40 12.40 0 0 0 0
AAM 0.00 0.0 11.00 11.00 11.00 11.40 11.00 1050 12000000 0 0
GTA 0.00 0.0 12.15 12.15 12.15 12.50 12.10 23820 296000000 0 0
FTS 0.00 0.0 15.20 15.20 15.20 15.75 14.90 1096700 16802000000 0 0
ITC 0.00 0.0 15.50 15.50 15.00 15.50 15.00 1480 22000000 0 0
VTB 0.00 0.0 11.20 11.20 11.20 11.20 11.00 30510 338000000 0 0
LM8 0.00 0.0 11.40 11.40 11.50 11.50 10.90 8980 99000000 0 0
IBC 0.00 0.0 22.15 22.15 22.30 22.30 21.80 270550 5974000000 0 0
EMC 0.00 0.0 18.60 18.60 18.60 18.60 18.60 0 0 0 0
ICT 0.00 0.0 23.95 23.95 23.90 24.00 23.40 122010 2896000000 0 0
VPB 0.00 0.0 33.00 33.00 33.00 33.50 32.20 5859550 192387000000 1067000 33578000000
IMP 0.00 0.0 55.60 55.60 55.90 55.90 55.20 96370 5347000000 0 0
HVX 0.00 0.0 3.34 3.34 3.15 3.50 3.15 1110 4000000 0 0
VPD 0.00 0.0 14.50 14.50 14.35 14.80 14.35 27450 403000000 0 0
NLG 0.00 0.0 29.35 29.35 29.30 29.40 29.00 1439500 42105000000 0 0
FUCVREIT 0.00 0.0 6.09 6.09 6.09 6.09 6.09 10 0 0 0
HRC 0.00 0.0 40.65 40.65 40.65 40.65 40.65 10 0 0 0
DRL 0.00 0.0 55.60 55.60 55.70 55.80 55.60 6810 379000000 0 0
HII 0.00 0.0 15.20 15.20 15.20 15.30 15.10 207070 3145000000 0 0
OPC 0.00 0.0 58.00 58.00 58.00 58.50 57.80 13640 791000000 0 0
HOT 0.00 0.0 37.90 37.90 37.90 37.90 37.90 10 0 0 0
DIG 0.00 0.0 27.80 27.80 27.50 27.90 27.35 3156420 87277000000 0 0
DTA 0.00 0.0 4.82 4.82 4.99 4.99 4.73 41120 197000000 0 0
HAS 0.00 0.0 8.50 8.50 8.50 8.50 8.50 0 0 0 0
E1VFVN30 -0.01 -0.1 17.69 17.70 17.70 17.70 17.52 468820 8231000000 1900000 33417000000
FUEMAV30 -0.01 -0.1 12.35 12.36 12.25 12.35 12.25 292270 3598000000 500000 6165000000
DSN -0.05 -0.1 47.20 47.25 47.00 47.30 47.00 6340 300000000 0 0
DVP -0.05 -0.1 46.20 46.25 46.25 46.35 45.90 59300 2732000000 0 0
VHC -0.05 -0.1 41.25 41.30 40.90 42.40 40.60 1248970 51770000000 0 0
NCT -0.10 -0.1 70.00 70.10 70.10 70.20 69.80 108180 7572000000 0 0
CTG -0.05 -0.1 34.80 34.85 35.10 35.40 34.75 6431410 225383000000 0 0
VPI -0.05 -0.2 33.10 33.15 33.15 33.25 32.85 1538690 50967000000 960000 31710000000
ASP -0.01 -0.2 6.29 6.30 6.30 6.30 6.15 37870 235000000 0 0
CSV -0.05 -0.2 27.65 27.70 27.65 27.80 27.55 276520 7653000000 0 0
MBB -0.05 -0.2 23.20 23.25 23.40 23.70 23.00 22805050 532710000000 100000 2165000000
VCF -0.50 -0.2 229.00 229.50 229.00 229.00 229.00 30 7000000 0 0
VHM -0.20 -0.2 86.90 87.10 87.20 87.90 86.40 2163130 188737000000 343330 29889043500
VMD -0.05 -0.2 21.50 21.55 21.55 21.55 21.50 5200 112000000 0 0
SAB -0.50 -0.3 199.50 200.00 199.50 199.70 197.80 81000 16074000000 45000 9000000000
CNG -0.05 -0.3 19.45 19.50 19.55 19.55 19.45 12220 238000000 0 0
CII -0.05 -0.3 19.20 19.25 19.10 19.30 18.95 2084210 39908000000 0 0
VPG -0.05 -0.3 18.15 18.20 18.00 18.40 17.55 1064840 19199000000 0 0
TMS -0.10 -0.3 35.90 36.00 36.50 36.50 35.50 83270 3000000000 0 0
PSH -0.05 -0.3 17.05 17.10 17.10 17.10 17.00 152560 2601000000 0 0
KPF -0.05 -0.3 16.95 17.00 16.95 17.00 16.00 7150 121000000 0 0
BWE -0.10 -0.3 32.50 32.60 32.50 32.60 31.70 657390 21092000000 0 0
VDP -0.10 -0.3 31.90 32.00 31.70 31.90 31.70 210 7000000 0 0
DQC -0.05 -0.3 15.70 15.75 15.80 15.80 15.50 30250 472000000 0 0
VNG -0.05 -0.3 15.35 15.40 15.40 15.40 15.30 161900 2482000000 0 0
HCM -0.10 -0.3 30.65 30.75 30.45 31.15 30.05 5367590 164869000000 0 0
ITD -0.03 -0.3 9.10 9.13 8.90 9.22 8.90 92180 836000000 0 0
VRE -0.10 -0.3 30.30 30.40 30.30 30.35 30.05 6311760 190562000000 960410 28996102000
PVD -0.05 -0.3 14.65 14.70 14.55 14.80 14.45 10035240 146383000000 0 0
BVH -0.20 -0.4 56.90 57.10 57.10 57.40 56.80 871000 49614000000 0 0
VPS -0.05 -0.4 13.80 13.85 13.80 13.90 13.00 30700 424000000 0 0
S4A -0.10 -0.4 27.40 27.50 27.50 27.50 27.40 670 18000000 0 0
PAC -0.10 -0.4 27.40 27.50 27.20 27.90 27.20 14340 393000000 0 0
NSC -0.30 -0.4 80.70 81.00 82.30 82.30 80.50 9430 762000000 0 0
TLG -0.15 -0.4 39.65 39.80 39.10 39.80 39.10 50660 1990000000 0 0
FUESSV30 -0.05 -0.4 13.00 13.05 13.05 13.05 12.91 5910 77000000 0 0
TNA -0.05 -0.4 12.90 12.95 13.00 13.10 12.85 239070 3091000000 0 0
KHP -0.03 -0.4 6.97 7.00 7.00 7.00 6.79 137740 939000000 0 0
TEG -0.02 -0.4 4.60 4.62 4.30 4.68 4.30 24450 114000000 0 0
BRC -0.05 -0.4 11.40 11.45 11.40 11.45 11.30 530 6000000 0 0
NBB -0.10 -0.5 21.90 22.00 21.80 22.15 21.80 4650 102000000 0 0
DC4 -0.05 -0.5 10.70 10.75 10.30 10.80 10.30 2280 24000000 0 0
PGC -0.10 -0.5 20.80 20.90 20.10 21.00 19.95 22900 468000000 0 0
NAF -0.10 -0.5 20.10 20.20 20.10 20.20 18.95 294850 5854000000 148000 3004600000
NNC -0.20 -0.5 38.40 38.60 38.60 38.60 38.30 43170 1657000000 0 0
TCL -0.15 -0.5 28.25 28.40 28.20 28.40 28.10 260250 7337000000 0 0
ABS -0.10 -0.5 18.25 18.35 18.30 18.40 18.00 180910 3283000000 0 0
LIX -0.30 -0.6 54.10 54.40 54.40 54.50 54.00 31560 1713000000 0 0
FMC -0.20 -0.6 35.20 35.40 35.40 35.40 34.90 360960 12676000000 0 0
ELC -0.05 -0.6 8.67 8.72 8.52 8.77 8.47 595780 5108000000 0 0
SJD -0.10 -0.6 17.15 17.25 17.45 17.45 17.00 126580 2159000000 0 0
NHH -0.30 -0.6 48.40 48.70 48.75 49.40 48.20 185890 9030000000 0 0
VIC -0.70 -0.7 105.70 106.40 106.00 107.50 105.30 518320 55050000000 125420 13286894000
HAP -0.04 -0.7 5.90 5.94 5.90 5.94 5.86 648570 3822000000 1455783 8647351020
TCB -0.20 -0.7 29.20 29.40 29.15 29.50 29.05 17109090 499895000000 1733390 54515115500
PXS -0.05 -0.7 7.25 7.30 7.30 7.30 7.14 410790 2965000000 0 0
FRT -0.20 -0.7 28.90 29.10 29.10 29.35 28.60 2618660 75804000000 0 0
ACB -0.20 -0.7 28.75 28.95 28.95 29.00 28.60 7573290 217803000000 45460 1355162600
HVN -0.20 -0.7 28.05 28.25 28.00 28.20 27.80 1207330 33759000000 300000 8460000000
YBM -0.04 -0.7 5.60 5.64 5.73 5.73 5.60 13610 77000000 0 0
FDC -0.10 -0.7 13.90 14.00 13.20 14.00 13.10 13610 179000000 0 0
FUEVN100 -0.10 -0.7 13.50 13.60 13.60 13.60 13.40 830 11000000 0 0
SPM -0.10 -0.8 13.20 13.30 13.00 13.20 13.00 2010 26000000 0 0
CHP -0.15 -0.8 19.65 19.80 19.65 19.75 19.65 16580 326000000 0 0
MCP -0.20 -0.8 26.00 26.20 25.00 26.00 25.00 20 1000000 0 0
DBT -0.10 -0.8 13.00 13.10 13.10 13.10 13.00 11820 154000000 0 0
GEG -0.15 -0.8 19.40 19.55 19.60 19.60 18.60 1014570 19656000000 3444045 65436855000
UDC -0.04 -0.8 5.09 5.13 5.10 5.11 4.84 42750 213000000 0 0
SGN -0.60 -0.8 70.30 70.90 70.50 70.50 70.30 9060 638000000 0 0
PTL -0.05 -0.9 5.60 5.65 5.65 5.65 5.50 35060 196000000 0 0
VIB -0.30 -0.9 33.45 33.75 33.50 33.75 33.15 678900 22720000000 0 0
CSM -0.15 -0.9 16.60 16.75 16.90 16.90 16.50 70310 1169000000 0 0
TMT -0.05 -0.9 5.49 5.54 5.60 5.60 5.19 2410 13000000 0 0
VNM -1.10 -1.0 109.90 111.00 110.90 110.90 109.80 2266760 249665000000 230840 25403612000
GMC -0.20 -1.0 19.70 19.90 19.90 19.90 19.50 30910 610000000 0 0
VCB -1.00 -1.0 97.90 98.90 98.00 98.10 97.50 748840 73245000000 69000 6762000000
RDP -0.08 -1.0 7.80 7.88 7.86 7.88 7.80 4400 35000000 0 0
DHG -1.10 -1.1 103.00 104.10 105.00 105.00 103.00 9400 976000000 0 0
SAV -0.20 -1.1 17.20 17.40 17.20 17.25 17.00 70510 1203000000 0 0
PDN -0.90 -1.2 77.10 78.00 79.00 79.60 77.10 1070 85000000 0 0
GAS -1.00 -1.2 85.30 86.30 85.50 86.00 84.60 909760 77576000000 0 0
BIC -0.25 -1.2 21.00 21.25 21.35 21.35 21.00 117420 2483000000 0 0
MSN -1.00 -1.2 82.80 83.80 83.80 84.00 82.50 805250 66860000000 71310 5904468000
BID -0.60 -1.3 46.85 47.45 47.45 47.45 46.60 2735230 128399000000 0 0
ABT -0.40 -1.3 31.00 31.40 31.00 31.00 31.00 3330 103000000 0 0
CCL -0.12 -1.3 8.91 9.03 9.03 9.03 8.84 558100 4990000000 0 0
VSH -0.25 -1.3 18.35 18.60 18.50 18.50 18.30 92280 1697000000 285000 5671500000
TCT -0.40 -1.3 29.30 29.70 29.40 29.40 29.10 38700 1129000000 0 0
ANV -0.30 -1.4 21.90 22.20 22.00 22.20 21.80 578310 12691000000 0 0
ADS -0.15 -1.4 10.65 10.80 10.80 10.80 10.50 9760 104000000 0 0
HDB -0.35 -1.4 24.60 24.95 25.00 25.00 24.30 4163730 102945000000 0 0
LEC -0.20 -1.4 13.75 13.95 13.00 13.75 13.00 2360 31000000 0 0
DHM -0.14 -1.4 9.59 9.73 9.73 9.73 9.59 632820 6101000000 950000 9192000000
FUESSVFL -0.20 -1.5 13.39 13.59 13.59 13.59 13.34 4230 57000000 0 0
PLX -0.80 -1.5 53.20 54.00 53.20 53.80 53.00 640360 34143000000 0 0
SC5 -0.30 -1.6 19.00 19.30 19.00 19.00 19.00 1090 21000000 0 0
SRC -0.30 -1.6 19.00 19.30 19.35 19.35 18.70 31640 601000000 0 0
TVB -0.20 -1.6 12.30 12.50 12.50 12.70 12.00 1118620 13678000000 0 0
VTO -0.13 -1.6 7.86 7.99 7.81 7.90 7.81 8670 68000000 0 0
VJC -2.20 -1.7 123.60 125.80 125.50 125.60 123.40 517670 64506000000 1200000 152084595000
HTI -0.25 -1.8 13.55 13.80 13.80 13.80 13.40 31480 429000000 121000 1603250000
PET -0.30 -1.8 16.20 16.50 16.45 16.45 16.10 3672370 59632000000 0 0
TTA -0.35 -1.8 18.80 19.15 19.30 19.30 18.75 1558920 29616000000 0 0
SMB -0.80 -1.9 42.40 43.20 43.50 43.50 42.20 15130 647000000 0 0
GMD -0.65 -1.9 33.55 34.20 34.35 34.35 33.45 3673780 124045000000 20000 731000000
SBV -0.25 -2.0 12.35 12.60 12.35 12.60 12.35 60950 759000000 0 0
STK -0.45 -2.1 21.45 21.90 21.80 21.80 21.00 46660 1000000000 0 0
KDC -0.80 -2.1 37.60 38.40 38.40 38.40 37.30 621830 23542000000 0 0
MSH -0.90 -2.2 39.50 40.40 40.35 40.40 38.70 128990 5132000000 0 0
EVE -0.30 -2.2 13.10 13.40 13.30 13.30 13.10 15480 203000000 0 0
VNS -0.25 -2.3 10.75 11.00 10.90 10.95 10.75 4470 49000000 0 0
TCM -1.20 -2.3 50.80 52.00 52.00 52.00 50.60 430520 22006000000 0 0
AGG -0.70 -2.3 29.50 30.20 30.20 30.20 29.35 2159840 64199000000 0 0
APH -2.00 -2.5 77.70 79.70 79.70 80.00 77.40 510100 40063000000 0 0
HSL -0.16 -2.6 6.04 6.20 6.20 6.20 5.90 47090 283000000 248990 1543738000
SFC -0.60 -2.6 22.60 23.20 23.20 23.20 22.60 530 12000000 0 0
MDG -0.30 -2.7 10.90 11.20 10.65 10.90 10.50 3410 37000000 0 0
UIC -1.30 -2.7 46.00 47.30 47.30 47.30 46.00 6000 277000000 0 0
HAH -0.55 -2.9 18.30 18.85 18.85 18.85 18.20 1144810 21115000000 0 0
TDW -0.80 -3.0 26.10 26.90 26.10 26.10 26.10 360 9000000 0 0
SSC -1.55 -3.1 48.00 49.55 46.40 48.90 46.40 160 8000000 0 0
TRC -1.20 -3.1 37.00 38.20 37.00 37.00 37.00 520 19000000 0 0
SRF -0.45 -3.1 13.85 14.30 13.30 14.00 13.30 180 2000000 0 0
ST8 -0.40 -3.5 10.90 11.30 11.25 11.95 10.85 1390 15000000 0 0
TNT -0.07 -3.6 1.90 1.97 1.90 1.99 1.84 317380 596000000 0 0
HTL -0.70 -4.1 16.30 17.00 16.00 16.30 16.00 3750 61000000 0 0
RIC -0.19 -4.3 4.21 4.40 4.30 4.65 4.21 4920 21000000 0 0
KOS -1.65 -5.1 30.90 32.55 32.55 32.55 30.50 103640 3248000000 0 0
CLG -0.05 -6.1 0.77 0.82 0.77 0.77 0.77 251450 194000000 0 0
TN1 -5.00 -6.1 77.00 82.00 81.00 81.00 77.00 2500 198000000 0 0
HTN -2.60 -6.2 39.45 42.05 42.00 42.00 39.15 351200 14039000000 0 0
SVI -7.00 -6.5 100.00 107.00 109.00 109.00 100.00 870 93000000 0 0
L10 -1.40 -6.6 19.70 21.10 19.70 19.70 19.70 960 19000000 0 0
VAF -0.85 -7.0 11.35 12.20 11.35 11.35 11.35 3010 34000000 0 0
CRC -1.05 -7.0 13.95 15.00 13.95 14.90 13.95 926650 12927000000 0 0
 
